   1.2360000e+03
   1.2460000e+03
   1.2560000e+03
   1.2660000e+03
   1.2760000e+03
   1.2860000e+03
   1.2960000e+03
   1.3060000e+03
   1.3160000e+03
   1.3260000e+03
   1.3360000e+03
   1.3460000e+03
   1.3560000e+03
   1.3660000e+03
   1.3760000e+03
   1.3860000e+03
   1.3960000e+03
   1.4060000e+03
   1.4160000e+03
   1.4260000e+03
   1.4360000e+03
   1.4460000e+03
   1.4560000e+03
   1.4660000e+03
   1.4760000e+03
   1.4860000e+03
   1.4960000e+03
   1.5060000e+03
   1.5160000e+03
   1.5260000e+03
   1.5360000e+03
   1.5460000e+03
   1.5560000e+03
   1.5660000e+03
   1.5760000e+03
   1.5860000e+03
   1.5960000e+03
   1.6060000e+03
   1.6160000e+03
   1.6260000e+03
   1.6360000e+03
   1.6460000e+03
   1.6560000e+03
   1.6660000e+03
   1.6760000e+03
   1.6860000e+03
   1.6960000e+03
   1.7060000e+03
   1.7160000e+03
   1.7260000e+03
   1.7360000e+03
   1.7460000e+03
   1.7560000e+03
   1.7660000e+03
   1.7760000e+03
   1.7860000e+03
   1.7960000e+03
   1.8060000e+03
   1.8160000e+03
   1.8260000e+03
   1.8360000e+03
   1.8460000e+03
   1.8560000e+03
   1.8660000e+03
   1.8760000e+03
   1.8860000e+03
   1.8960000e+03
   1.9060000e+03
   1.9160000e+03
   1.9260000e+03
   1.9360000e+03
   1.9460000e+03
   1.9560000e+03
   1.9660000e+03
   1.9760000e+03
   1.9860000e+03
   1.9960000e+03
   2.0060000e+03
   2.0160000e+03
   2.0260000e+03
   2.0360000e+03
   2.0460000e+03
   2.0560000e+03
   2.0660000e+03
   2.0760000e+03
   2.0860000e+03
   2.0960000e+03
   2.1060000e+03
   2.1160000e+03
   2.1260000e+03
   2.1360000e+03
   2.1460000e+03
   2.1560000e+03
   2.1660000e+03
   2.1760000e+03
   2.1860000e+03
   2.1960000e+03
   2.2060000e+03
   2.2160000e+03
   2.2260000e+03
   2.2360000e+03
   2.2460000e+03
   2.2560000e+03
   2.2660000e+03
   2.2760000e+03
   2.2860000e+03
   2.2960000e+03
   2.3060000e+03
   2.3160000e+03
   2.3260000e+03
   2.3360000e+03
   2.3460000e+03
   2.3560000e+03
   2.3660000e+03
   2.3760000e+03
   2.3860000e+03
   2.3960000e+03
   2.4060000e+03
   2.4160000e+03
   2.4260000e+03
   2.4360000e+03
   2.4460000e+03
   2.4560000e+03
   2.4660000e+03
   2.4760000e+03
   2.4860000e+03
   2.4960000e+03
   2.5060000e+03
   2.5160000e+03
   2.5260000e+03
   2.5360000e+03
   2.5460000e+03
   2.5560000e+03
   2.5660000e+03
   2.5760000e+03
   2.5860000e+03
   2.5960000e+03
   2.6060000e+03
   2.6160000e+03
   2.6260000e+03
   2.6360000e+03
   2.6460000e+03
   2.6560000e+03
   2.6660000e+03
   2.6760000e+03
   2.6860000e+03
   2.6960000e+03
   2.7060000e+03
   2.7160000e+03
   2.7260000e+03
   2.7360000e+03
   2.7460000e+03
   2.7560000e+03
   2.7660000e+03
   2.7760000e+03
   2.7860000e+03
   2.7960000e+03
   2.8060000e+03
   2.8160000e+03
   2.8260000e+03
   2.8360000e+03
   2.8460000e+03
   2.8560000e+03
   2.8660000e+03
   2.8760000e+03
   2.8860000e+03
   2.8960000e+03
   2.9060000e+03
   2.9160000e+03
   2.9260000e+03
   2.9360000e+03
   2.9460000e+03
   2.9560000e+03
   2.9660000e+03
   2.9760000e+03
   2.9860000e+03
   2.9960000e+03
   3.0060000e+03
   3.0160000e+03
   3.0260000e+03
   3.0360000e+03
   3.0460000e+03
   3.0560000e+03
   3.0660000e+03
   3.0760000e+03
   3.0860000e+03
   3.0960000e+03
   3.1060000e+03
   3.1160000e+03
   3.1260000e+03
   3.1360000e+03
   3.1460000e+03
   3.1560000e+03
   3.1660000e+03
   3.1760000e+03
   3.1860000e+03
   3.1960000e+03
   3.2060000e+03
   3.2160000e+03
   3.2260000e+03
   3.2360000e+03
   3.2460000e+03
   3.2560000e+03
   3.2660000e+03
   3.2760000e+03
   3.2860000e+03
   3.2960000e+03
   3.3060000e+03
   3.3160000e+03
   3.3260000e+03
   3.3360000e+03
   3.3460000e+03
   3.3560000e+03
   3.3660000e+03
   3.3760000e+03
   3.3860000e+03
   3.3960000e+03
   3.4060000e+03
   3.4160000e+03
   3.4260000e+03
   3.4360000e+03
   3.4460000e+03
   3.4560000e+03
   3.4660000e+03
   3.4760000e+03
   3.4860000e+03
   3.4960000e+03
   3.5060000e+03
   3.5160000e+03
   3.5260000e+03
   3.5360000e+03
   3.5460000e+03
   3.5560000e+03
   3.5660000e+03
   3.5760000e+03
   3.5860000e+03
   3.5960000e+03
   3.6060000e+03
   3.6160000e+03
   3.6260000e+03
   3.6360000e+03
   3.6460000e+03
   3.6560000e+03
   3.6660000e+03
   3.6760000e+03
   3.6860000e+03
   3.6960000e+03
   3.7060000e+03
   3.7160000e+03
   3.7260000e+03
   3.7360000e+03
   3.7460000e+03
   3.7560000e+03
   3.7660000e+03
   3.7760000e+03
   3.7860000e+03
   3.7960000e+03
   3.8060000e+03
   3.8160000e+03
   3.8260000e+03
   3.8360000e+03
   3.8460000e+03
   3.8560000e+03
   3.8660000e+03
   3.8760000e+03
   3.8860000e+03
   3.8960000e+03
   3.9060000e+03
   3.9160000e+03
   3.9260000e+03
   3.9360000e+03
   3.9460000e+03
   3.9560000e+03
   3.9660000e+03
   3.9760000e+03
   3.9860000e+03
   3.9960000e+03
   4.0060000e+03
   4.0160000e+03
   4.0260000e+03
   4.0360000e+03
   4.0460000e+03
   4.0560000e+03
   4.0660000e+03
   4.0760000e+03
   4.0860000e+03
   4.0960000e+03
   4.1060000e+03
   4.1160000e+03
   4.1260000e+03
   4.1360000e+03
   4.1460000e+03
   4.1560000e+03
   4.1660000e+03
   4.1760000e+03
   4.1860000e+03
   4.1960000e+03
   4.2060000e+03
   4.2160000e+03
   4.2260000e+03
   4.2360000e+03
   4.2460000e+03
   4.2560000e+03
   4.2660000e+03
   4.2760000e+03
   4.2860000e+03
   4.2960000e+03
   4.3060000e+03
   4.3160000e+03
   4.3260000e+03
   4.3360000e+03
   4.3460000e+03
   4.3560000e+03
   4.3660000e+03
   4.3760000e+03
   4.3860000e+03
   4.3960000e+03
   4.4060000e+03
   4.4160000e+03
   4.4260000e+03
   4.4360000e+03
   4.4460000e+03
   4.4560000e+03
   4.4660000e+03
   4.4760000e+03
   4.4860000e+03
   4.4960000e+03
   4.5060000e+03
   4.5160000e+03
   4.5260000e+03
   4.5360000e+03
   4.5460000e+03
   4.5560000e+03
   4.5660000e+03
   4.5760000e+03
   4.5860000e+03
   4.5960000e+03
   4.6060000e+03
   4.6160000e+03
   4.6260000e+03
   4.6360000e+03
   4.6460000e+03
   4.6560000e+03
   4.6660000e+03
   4.6760000e+03
   4.6860000e+03
   4.6960000e+03
   4.7060000e+03
   4.7160000e+03
   4.7260000e+03
   4.7360000e+03
   4.7460000e+03
   4.7560000e+03
   4.7660000e+03
   4.7760000e+03
   4.7860000e+03
   4.7960000e+03
   4.8060000e+03
   4.8160000e+03
   4.8260000e+03
   4.8360000e+03
   4.8460000e+03
   4.8560000e+03
   4.8660000e+03
   4.8760000e+03
   4.8860000e+03
   4.8960000e+03
   4.9060000e+03
   4.9160000e+03
   4.9260000e+03
   4.9360000e+03
   4.9460000e+03
   4.9560000e+03
   4.9660000e+03
   4.9760000e+03
   4.9860000e+03
   4.9960000e+03
   5.0060000e+03
   5.0160000e+03
   5.0260000e+03
   5.0360000e+03
   5.0460000e+03
   5.0560000e+03
   5.0660000e+03
   5.0760000e+03
   5.0860000e+03
   5.0960000e+03
   5.1060000e+03
   5.1160000e+03
   5.1260000e+03
   5.1360000e+03
   5.1460000e+03
   5.1560000e+03
   5.1660000e+03
   5.1760000e+03
   5.1860000e+03
   5.1960000e+03
   5.2060000e+03
   5.2160000e+03
   5.2260000e+03
   5.2360000e+03
   5.2460000e+03
   5.2560000e+03
   5.2660000e+03
   5.2760000e+03
   5.2860000e+03
   5.2960000e+03
   5.3060000e+03
   5.3160000e+03
   5.3260000e+03
   5.3360000e+03
   5.3460000e+03
   5.3560000e+03
   5.3660000e+03
   5.3760000e+03
   5.3860000e+03
   5.3960000e+03
   5.4060000e+03
   5.4160000e+03
   5.4260000e+03
   5.4360000e+03
   5.4460000e+03
   5.4560000e+03
   5.4660000e+03
   5.4760000e+03
   5.4860000e+03
   5.4960000e+03
   5.5060000e+03
   5.5160000e+03
   5.5260000e+03
   5.5360000e+03
   5.5460000e+03
   5.5560000e+03
   5.5660000e+03
   5.5760000e+03
   5.5860000e+03
   5.5960000e+03
   5.6060000e+03
   5.6160000e+03
   5.6260000e+03
   5.6360000e+03
   5.6460000e+03
   5.6560000e+03
   5.6660000e+03
   5.6760000e+03
   5.6860000e+03
   5.6960000e+03
   5.7060000e+03
   5.7160000e+03
   5.7260000e+03
   5.7360000e+03
   5.7460000e+03
   5.7560000e+03
   5.7660000e+03
   5.7760000e+03
   5.7860000e+03
   5.7960000e+03
   5.8060000e+03
   5.8160000e+03
   5.8260000e+03
   5.8360000e+03
   5.8460000e+03
   5.8560000e+03
   5.8660000e+03
   5.8760000e+03
   5.8860000e+03
   5.8960000e+03
   5.9060000e+03
   5.9160000e+03
   5.9260000e+03
   5.9360000e+03
   5.9460000e+03
   5.9560000e+03
   5.9660000e+03
   5.9760000e+03
   5.9860000e+03
   5.9960000e+03
   6.0060000e+03
   6.0160000e+03
   6.0260000e+03
   6.0360000e+03
   6.0460000e+03
   6.0560000e+03
   6.0660000e+03
   6.0760000e+03
   6.0860000e+03
   6.0960000e+03
   6.1060000e+03
   6.1160000e+03
   6.1260000e+03
   6.1360000e+03
   6.1460000e+03
   6.1560000e+03
   6.1660000e+03
   6.1760000e+03
   6.1860000e+03
   6.1960000e+03
   6.2060000e+03
   6.2160000e+03
   6.2260000e+03
   6.2360000e+03
   6.2460000e+03
   6.2560000e+03
   6.2660000e+03
   6.2760000e+03
   6.2860000e+03
   6.2960000e+03
   6.3060000e+03
   6.3160000e+03
   6.3260000e+03
   6.3360000e+03
   6.3460000e+03
   6.3560000e+03
   6.3660000e+03
   6.3760000e+03
   6.3860000e+03
   6.3960000e+03
   6.4060000e+03
   6.4160000e+03
   6.4260000e+03
   6.4360000e+03
   6.4460000e+03
   6.4560000e+03
   6.4660000e+03
   6.4760000e+03
   6.4860000e+03
   6.4960000e+03
   6.5060000e+03
   6.5160000e+03
   6.5260000e+03
   6.5360000e+03
   6.5460000e+03
   6.5560000e+03
   6.5660000e+03
   6.5760000e+03
   6.5860000e+03
   6.5960000e+03
   6.6060000e+03
   6.6160000e+03
   6.6260000e+03
   6.6360000e+03
   6.6460000e+03
   6.6560000e+03
   6.6660000e+03
   6.6760000e+03
   6.6860000e+03
   6.6960000e+03
   6.7060000e+03
   6.7160000e+03
   6.7260000e+03
   6.7360000e+03
   6.7460000e+03
   6.7560000e+03
   6.7660000e+03
   6.7760000e+03
   6.7860000e+03
   6.7960000e+03
   6.8060000e+03
   6.8160000e+03
   6.8260000e+03
   6.8360000e+03
   6.8460000e+03
   6.8560000e+03
   6.8660000e+03
   6.8760000e+03
   6.8860000e+03
   6.8960000e+03
   6.9060000e+03
   6.9160000e+03
   6.9260000e+03
   6.9360000e+03
   6.9460000e+03
   6.9560000e+03
   6.9660000e+03
   6.9760000e+03
   6.9860000e+03
   6.9960000e+03
   7.0060000e+03
   7.0160000e+03
   7.0260000e+03
   7.0360000e+03
   7.0460000e+03
   7.0560000e+03
   7.0660000e+03
   7.0760000e+03
   7.0860000e+03
   7.0960000e+03
   7.1060000e+03
   7.1160000e+03
   7.1260000e+03
   7.1360000e+03
   7.1460000e+03
   7.1560000e+03
   7.1660000e+03
   7.1760000e+03
   7.1860000e+03
   7.1960000e+03
   7.2060000e+03
   7.2160000e+03
   7.2260000e+03
   7.2360000e+03
   7.2460000e+03
   7.2560000e+03
   7.2660000e+03
   7.2760000e+03
   7.2860000e+03
   7.2960000e+03
   7.3060000e+03
   7.3160000e+03
   7.3260000e+03
   7.3360000e+03
   7.3460000e+03
   7.3560000e+03
   7.3660000e+03
   7.3760000e+03
   7.3860000e+03
   7.3960000e+03
   7.4060000e+03
   7.4160000e+03
   7.4260000e+03
   7.4360000e+03
   7.4460000e+03
   7.4560000e+03
   7.4660000e+03
   7.4760000e+03
   7.4860000e+03
   7.4960000e+03
   7.5060000e+03
   7.5160000e+03
   7.5260000e+03
